error=0.8885600 and alpha=0.1211087
Boosting rounds    1, Test accuracy: 0.1114400
error=1.6809033 and alpha=1.2935583
