error=0.5568600 and alpha=1.9687965
error=0.6533241 and alpha=1.5635418
